0.951278398
0.930921555
0.9272119703
0.9003528951
0.8993903742
0.8891487658
0.8875390807
0.8868648879
0.8842585626
0.8802797593
0.8764395436
0.8764395436
0.8713817542
0.8659309389
0.8640100262
0.8562734833
0.8554999041
0.8509212916
0.8484370961
0.8460107086
0.8434192608
0.8425620086
0.8418719354
0.8367411998
0.8339429457
0.833125027
0.8329752031
0.8308112752
0.8300644443
0.8282963794
0.8274843704
0.824578941
0.82315124
0.8220685121
0.821870808
0.8212788072
0.8210706158
0.8206460488
0.8205651289
0.8201782503
0.8200857082
0.8196407897
0.8189103114
0.8175399649
0.8170358463
0.8157386072
0.8142875377
0.8130014045
0.8129686986
0.8127529605
0.8112945806
0.8112695658
0.8103151257
0.8099616346
0.8095562365
0.8091769748
0.8090282597
0.8082935702
0.8057955628
0.8021264266
0.8020912417
0.8013665263
0.8002135673
0.7974103599
0.7967608015
0.7963846019
0.7959375864
0.7946721996
0.7943493257
0.7935931423
0.7918386852
0.7914691068
0.7900998227
0.7896250698
0.7893017801
0.7883695376
0.7874224258
0.7872589168
0.7871227076
0.7866015604
0.7865750523
0.7859210823
0.7854785139
0.7854597441
0.7852315733
0.7851505404
0.7850691862
0.7848253749
0.7842523135
0.7822110907
0.7814249957
0.7798158955
0.7788849482
0.7786063504
0.7777087614
0.7777007317
0.7775434714
0.7772459973
0.7767233001
0.7758247056
0.7756151892
0.7751632408
0.7751474557
0.7748908063
0.7738433451
0.7733784348
0.7731079576
0.7730952503
0.7725854018
0.7724434706
0.7723560751
0.7722279355
0.771764916
0.7715469161
0.7708355861
0.7705072467
0.7695219702
0.7688637307
0.7680270171
0.7674894437
0.7671407563
0.7669065488
0.7669065488
0.7662359145
0.766171196
0.7659514851
0.7658247552
0.764328546
0.7641118814
0.7639448119
0.7635267568
0.7629168211
0.7615663564
0.7608772797
0.7590387374
0.758850029
0.7585532931
0.7585499203
0.7578351164
0.7572466928
0.756851626
0.7567514391
0.7567091493
0.7566449224
0.7564305797
0.7561569447
0.7556055325
0.7555687261
0.7551607523
0.754925129
0.7549231906
0.7547892607
0.7546019989
0.753993134
0.7532179752
0.7529010737
0.7522486
0.7521672624
0.7518428865
0.7511390509
0.7509615736
0.7508917467
0.7508038313
0.7504452081
0.7499225605
0.7494111023
0.7493216532
0.7490000281
0.7488516456
0.7485942214
0.7483048269
0.7480948081
0.7480107052
0.747903331
0.7466840956
0.7464394006
0.7462705889
0.7448225408
0.744492627
0.744258252
0.7434195986
0.7433546581
0.7431689346
0.7428513774
0.7420343359
0.7414497523
0.7407522726
0.7407074593
0.7401035178
0.7400223863
0.739610437
0.739367738
0.7392456518
0.738553339
0.7381069091
0.7380532141
0.7379961422
0.7376072432
0.7373322036
0.7371533377
0.7370152824
0.7369267593
0.7367268928
0.7358477317
0.7351124552
0.7348240986
0.7345191106
0.7345162074
0.7342275853
0.7340302555
0.7339110136
0.7337363741
0.7330851791
0.7330299575
0.732631191
0.7323622084
0.7317638114
0.7314504055
0.7312818432
0.7310456059
0.7306186767
0.7294333058
0.7290257339
0.7272113822
0.7271411909
0.726733396
0.7264593178
0.7260980407
0.7248358913
0.7243565914
0.7238165573
0.7227664195
0.7226269299
0.7214023288
0.7206707025
0.7204962596
0.7198706386
0.7190655875
0.718486717
0.7182879091
0.7179936963
0.7174399484
0.717283101
0.7171111373
0.7167648169
0.7165815201
0.7161073582
0.7158609649
0.7154021674
0.7149913923
0.7144137324
0.7143335017
0.7139133293
0.7136862998
0.7134813344
0.7132807914
0.7131185773
0.7130029681
0.7128521204
0.7127484149
0.7126998162
0.7122591561
0.7118845246
0.711683152
0.7114398101
0.7113449926
0.7110072947
0.7109683392
0.7102761991
0.7102528541
0.7100707572
0.7098282326
0.7092694315
0.7089896287
0.7089767751
0.7087489286
0.7086959973
0.708400153
0.7083111357
0.7080485104
0.707695089
0.7076650135
0.7069231008
0.7066259178
0.7065029523
0.7064023348
0.7063832975
0.7063560199
0.7063466288
0.7062078637
0.7059125638
0.7057683654
0.7052461662
0.7046019686
0.7040041008
0.7039728113
0.7035282075
0.703481768
0.7029626176
0.7027878617
0.7024911589
0.7021995303
0.7017454569
0.7016359772
0.7012639979
0.7009223356
0.7002262198
0.6995081526
0.6993799974
0.6990781654
0.6989500684
0.6982777571
0.6982777571
0.6979681276
0.6979621684
0.6977008899
0.6972359808
0.6969568868
0.6968154988
0.6964423335
0.6963818982
0.6962899452
0.6961842391
0.6960768012
0.6960020705
0.6955524105
0.6951783913
0.6950237898
0.6949403107
0.6948214909
0.6948172862
0.694298497
0.6942729533
0.6941379367
0.6940939186
0.693997724
0.6939387331
0.6939124591
0.6938334793
0.6932125603
0.6931688132
0.6929313332
0.6926033925
0.6920801443
0.6919621365
0.6918797662
0.691702726
0.6915525695
0.6911683431
0.6909092465
0.6905699076
0.6905665735
0.6901004951
0.6898220977
0.6896898331
0.6896369133
0.6891423418
0.6890623859
0.688837151
0.688837151
0.6888227648
0.6887535914
0.6887004612
0.6886675182
0.6882893402
0.6882892911
0.6882136598
0.6876418748
0.6875812823
0.6874253426
0.687400532
0.6873304325
0.6870473958
0.6869738614
0.6866700511
0.686581323
0.6865015136
0.6864581137
0.6863885299
0.6863328038
0.6861982588
0.6857985114
0.6854642252
0.6853352174
0.685225336
0.6852152792
0.6850532311
0.6849554318
0.684625794
0.6845373842
0.6843021954
0.6840207151
0.6838595857
0.6838347745
0.6836870581
0.6836310058
0.6831150841
0.6830349586
0.6830349586
0.6826930271
0.6826508872
0.6826030978
0.6823865828
0.6822516057
0.6820276545
0.6820102581
0.6819839218
0.681778341
0.6816378508
0.6815405792
0.6810570262
0.6805541049
0.6804684585
0.6804604819
0.6801703332
0.6801021452
0.6801004224
0.6800374705
0.6799502208
0.6799377993
0.6797103918
0.6795283922
0.6795208336
0.6794045528
0.6792840768
0.6791306723
0.678994683
0.6788723519
0.677898621
0.6777219994
0.6773825726
0.6772825307
0.6771792171
0.6770591075
0.6770496093
0.6769078025
0.6768339753
0.6763276166
0.676074389
0.676074389
0.6760634639
0.6760145899
0.6752704864
0.6748086898
0.6747108593
0.6746704535
0.6746262839
0.6744023899
0.6743737713
0.6742989127
0.674203003
0.673825115
0.673714979
0.673714979
0.6734132025
0.6733630671
0.673005549
0.6729744804
0.6727908351
0.6727493403
0.6725278857
0.6723487579
0.6717672216
0.671307795
0.6708116851
0.6705144137
0.6704330458
0.6703591824
0.6701935181
0.6699643306
0.6698930029
0.6698930029
0.6696970929
0.6690436194
0.6690078898
0.6688751931
0.6686438874
0.6681641609
0.6679879133
0.6677641956
0.6671494752
0.6666893007
0.6660398426
0.6660170853
0.6654247171
0.6653389989
0.6650778955
0.6648902931
0.6647456909
0.6645358911
0.6645250714
0.6644295937
0.6642220659
0.6640838896
0.6640235718
0.663721511
0.6636086358
0.6635522915
0.6632070918
0.6631746274
0.6630731401
0.6629347158
0.6625713918
0.662464341
0.6623597057
0.6623395861
0.6616972686
0.6615689226
0.6612887558
0.6608533165
0.6604106978
0.6603464155
0.6602679926
0.6602393744
0.6602003859
0.6597613407
0.6596064173
0.6593413648
0.6593238707
0.6590691572
0.6589548713
0.6588210526
0.6588210526
0.6588210526
0.6588210526
0.6588210526
0.6584660955
0.6582873124
0.6581474306
0.6579763866
0.6576094453
0.657111835
0.6569406196
0.656638328
0.6563893708
0.6562920222
0.6562834134
0.6551725318
0.6549479494
0.6548281786
0.6541478395
0.6533983785
0.6530939912
0.6530261304
0.6528415984
0.652353811
0.6523310103
0.6515295643
0.6514635916
0.651434705
0.6512657866
0.6512619838
0.6507831476
0.6505297785
0.6503887884
0.6498224487
0.6496128846
0.6493461618
0.6492222153
0.649051602
0.6490014958
0.6489924859
0.6485690764
0.6483185185
0.6477948429
0.64771476
0.6477054865
0.6476590236
0.6475241645
0.6474091568
0.6473758461
0.6467989357
0.6465910324
0.6465236427
0.6463720362
0.6462904122
0.6462239208
0.6461227603
0.6459580003
0.6459364602
0.6458481105
0.6450159915
0.6447598988
0.6447087761
0.6446270621
0.6442274627
0.644154751
0.6437551192
0.6436324256
0.6432238283
0.6417406391
0.641235593
0.6412281675
0.6409969973
0.6409025115
0.640356526
0.6402989717
0.639916841
0.6396263906
0.6396055299
0.6393492262
0.6392788696
0.6389514495
0.638929809
0.6387248608
0.6384572098
0.6383679826
0.6379504183
0.6374235166
0.6372912432
0.6365356739
0.636170707
0.6359541366
0.6357475004
0.6355521448
0.6352857282
0.6352217354
0.6351892956
0.6350075663
0.6349343827
0.6346279874
0.6341548277
0.6339405919
0.6337599301
0.6337496912
0.6334991667
0.6334756664
0.6333567658
0.6332738484
0.6329967734
0.6328903688
0.6324833404
0.6324833404
0.6324833404
0.6323814182
0.6323119228
0.6319843332
0.6319684416
0.6316749197
0.6311640507
0.631050115
0.6310316779
0.630104398
0.6295949388
0.6293591622
0.6293282683
0.6292217416
0.6291652071
0.6287312067
0.6286948119
0.6285216332
0.6284789228
0.6282635662
0.6282332296
0.6282118151
0.6277973914
0.6276221251
0.6275380026
0.6272066415
0.6270269524
0.6267925276
0.6267174427
0.6264162863
0.626146845
0.6260073618
0.6255938262
0.6253861952
0.625306318
0.6251207798
0.6249590262
0.6249197969
0.6249197969
0.6246671453
0.62456498
0.6244850141
0.6242913465
0.6239802475
0.6238282838
0.6238164312
0.6237596738
0.6236945649
0.6236651596
0.6233414639
0.6230425819
0.6226985937
0.6220083844
0.6215601629
0.6215346161
0.6213609435
0.6208827027
0.6207269406
0.6203799852
0.6201572044
0.6199243041
0.6196422441
0.6196047298
0.6192195944
0.6189863033
0.6186469333
0.6186461079
0.6181960785
0.618127038
0.6180360416
0.6178874239
0.6176121766
0.6174304573
0.6172893813
0.6172593405
0.6165759312
0.616483369
0.6164422183
0.6163547545
0.6161575778
0.6159851106
0.6158264924
0.6157249211
0.6154096061
0.6151891423
0.6149667845
0.6144488378
0.6143563214
0.6142264406
0.61405565
0.6139129438
0.6137506528
0.6136488689
0.6136203474
0.6132990784
0.61314709
0.6128221723
0.6127196653
0.6126920895
0.6125804833
0.6124667215
0.612249571
0.6122268017
0.6121427907
0.611927553
0.6113413404
0.6111196255
0.6104428066
0.610278032
0.6102311704
0.6102013063
0.6100375303
0.6096838822
0.609341164
0.6093240723
0.6085650724
0.608407755
0.6080574931
0.6077889229
0.6077689694
0.6075115213
0.6072700504
0.6069995585
0.6068004467
0.6065100076
0.6062557295
0.605745551
0.6057236075
0.6048858749
0.6047622692
0.6047320519
0.6046110709
0.604522722
0.604467255
0.6044571972
0.6042927836
0.6041560968
0.6040217716
0.6037974966
0.6037203098
0.6034727243
0.6031977619
0.6030988334
0.6030908002
0.6029371282
0.6029348735
0.6026569406
0.6025323813
0.6025226061
0.6019597052
0.6019413301
0.6011085154
0.6006093267
0.6005992236
0.600388931
0.6000679136
0.5999733133
0.599757922
0.5995806399
0.5995729508
0.5993049014
0.599289639
0.5992589177
0.5989595888
0.5988486033
0.5987097123
0.5984882487
0.5983697981
0.598294509
0.598290056
0.5982849425
0.5978043945
0.597594694
0.5972876018
0.5970621852
0.5966250617
0.5965744947
0.5959709897
0.5956827416
0.5956774266
0.5956043127
0.595514964
0.5953486142
0.5953149764
0.5952230724
0.5949142628
0.5944937095
0.594192477
0.5941917014
0.5938576481
0.5936118776
0.5935417198
0.592900973
0.5925308076
0.592483046
0.5920819661
0.5918804277
0.5917846016
0.5916541848
0.5913168789
0.5912204607
0.5911946476
0.5911004499
0.5910341769
0.5906831763
0.5902896914
0.590276816
0.5901366087
0.5901294493
0.5899850691
0.5897151327
0.5896321181
0.5895280372
0.5893986844
0.5893102825
0.589186579
0.5891423268
0.5891167839
0.5888487279
0.588543343
0.5883656726
0.5880470038
0.58799227
0.5877894843
0.587620579
0.5873580514
0.587328992
0.5873277484
0.5871207154
0.5870967548
0.5869533023
0.5869457924
0.5865880392
0.5864399525
0.586266733
0.586260187
0.5862571481
0.5859662005
0.5857077638
0.5851137136
0.584584331
0.5842230341
0.5836231454
0.5835182565
0.5834298023
0.5832513755
0.5830173859
0.5826259876
0.5825152794
0.5822912628
0.5819498063
0.5819450773
0.5817592534
0.5811970588
0.580839146
0.5800304829
0.5800184402
0.5799461524
0.5793212356
0.5792989161
0.5792440745
0.5791027101
0.5789338126
0.5789062396
0.5788870453
0.5788153102
0.5787706434
0.5787240558
0.5786501177
0.5784379331
0.5783476662
0.5780719188
0.5772983992
0.5769028269
0.5767366892
0.5767360292
0.5764310273
0.5763370375
0.5760657574
0.5757386908
0.5753924825
0.5753576166
0.5752336058
0.5752336058
0.5752144655
0.5750255866
0.5749070238
0.574232266
0.5740716808
0.5740265364
0.5740085994
0.5739994151
0.5739023053
0.5736483495
0.5734571864
0.5733269047
0.5731798555
0.5730839527
0.57290175
0.5728301422
0.572699603
0.5724445409
0.5723830401
0.5723652164
0.5723504243
0.5722499931
0.5722262948
0.5716514006
0.5707854433
0.5706402787
0.5704242776
0.570316186
0.5702119821
0.5702014471
0.5701036868
0.5701036868
0.5698995006
0.5698342199
0.5697436544
0.5696744357
0.5694819558
0.5693409478
0.5692881956
0.5689641254
0.5688964223
0.5686678129
0.5682211584
0.567785432
0.5677179894
0.5676990763
0.5676545631
0.5674329437
0.567424682
0.5670097358
0.5667733357
0.5666950213
0.566166841
0.5658836696
0.565804912
0.5656764209
0.5654664218
0.5653835841
0.5652945102
0.565056144
0.5649361245
0.5649287401
0.5648838592
0.5647185689
0.564693086
0.5646319011
0.5645925006
0.5645656054
0.5644790239
0.564281751
0.563713005
0.5635386429
0.5635134875
0.5634768606
0.5632417888
0.5631439768
0.5630846111
0.5628753594
0.5626098215
0.5622297695
0.5621805319
0.5612999448
0.5612406965
0.5612242498
0.561148239
0.5611220517
0.5610807326
0.5607020601
0.5606934012
0.5603828212
0.5603311352
0.5602813665
0.5602434913
0.5600911384
0.559913584
0.5598590961
0.559845425
0.5597636706
0.5597381031
0.5596097884
0.5595580764
0.5595204419
0.5595101188
0.5593030939
0.5589894946
0.5585166228
0.5585138874
0.5584281868
0.5581375951
0.5581141733
0.5579269049
0.5574769907
0.5570302495
0.5568055082
0.5567806584
0.5565948947
0.5565948947
0.5564981095
0.556095265
0.5560566185
0.5555677002
0.5555394718
0.5554794257
0.5553794327
0.5552172537
0.5551752347
0.5550746301
0.5550713771
0.5549691973
0.5547827977
0.554308306
0.5542087302
0.5539592602
0.5538222658
0.5537212437
0.5534301234
0.5528084132
0.5527851443
0.5527535036
0.5523398823
0.5522901937
0.5514125291
0.5511226547
0.5506795649
0.5505595756
0.5504835267
0.5502399179
0.5501078054
0.5498654448
0.5498465191
0.5498221469
0.5495962566
0.5495633696
0.5492637464
0.5492337613
0.5489010448
0.5482401828
0.5481429467
0.5480923889
0.5478531797
0.5478500587
0.5478367227
0.5476978608
0.5475374585
0.5474432058
0.5472591691
0.5469444619
0.5466304084
0.5465766631
0.5459796038
0.545817134
0.5457259285
0.545536333
0.5454667012
0.5452537057
0.5451350279
0.5447550882
0.5441643868
0.5439786581
0.5435414204
0.5433775901
0.5432808161
0.5429821187
0.5427011556
0.542151822
0.5420261091
0.5416911347
0.5416410439
0.5409238944
0.5401972561
0.5399298184
0.5398640281
0.5398407292
0.5396931141
0.5391629125
0.5389444691
0.5388222097
0.5387911461
0.5387404376
0.5386600687
0.538646299
0.5385818145
0.5384419147
0.5383325157
0.5382748679
0.5382364545
0.5379499003
0.537917987
0.5379047399
0.5378360428
0.53778209
0.537753888
0.5377116845
0.5369377426
0.5369211373
0.5364892844
0.5363110718
0.5363094505
0.5359529388
0.5357103401
0.5350423428
0.5349834522
0.5348001445
0.533943486
0.5337862095
0.5335662999
0.5334744842
0.5334657872
0.5333907452
0.533388494
0.5333420852
0.533031606
0.5328954878
0.5326499822
0.532467534
0.5324675101
0.5323341626
0.5315174756
0.5314729869
0.5314186526
0.5311585874
0.5311022047
0.5307331377
0.5307249884
0.5304723643
0.5302678088
0.5300141563
0.5299272886
0.5299121972
0.529663005
0.5291017347
0.5290549011
0.5288679064
0.5283976985
0.5281831851
0.528165853
0.5278616137
0.5278534395
0.5276750599
0.5274832029
0.5272489309
0.5268171381
0.5267922995
0.5267714527
0.5266872214
0.5266431796
0.5265840533
0.5264955431
0.5260783305
0.52598518
0.5258694784
0.5254853958
0.5254040473
0.5252362888
0.524876646
0.5248657111
0.5245896195
0.5241273279
0.5239881765
0.5236335113
0.5234608682
0.5234608682
0.5232673475
0.5231798964
0.5229073325
0.522822922
0.5226584639
0.5225321419
0.522225635
0.5221348352
0.5220613402
0.5219367517
0.5213693915
0.5210690332
0.5209201506
0.5206366935
0.5205488235
0.5205006616
0.5203328948
0.5199544808
0.5194946425
0.5192530676
0.5191659547
0.5190383998
0.5186200873
0.5185534983
0.5183113137
0.5181609529
0.5180022501
0.5180022501
0.5175116104
0.5170808588
0.5165585782
0.5161046674
0.5159349806
0.5159117088
0.515836002
0.5147255652
0.5147207171
0.5146381196
0.5145650706
0.5144533776
0.514339279
0.5142860083
0.5136049952
0.5135135257
0.5130190378
0.5126455324
0.5125804101
0.512422966
0.5124174353
0.5123974682
0.5123152729
0.5122111768
0.512190711
0.511938982
0.5117976462
0.5117169202
0.5111247012
0.5110891472
0.5109036434
0.5108511407
0.510685302
0.5104954655
0.5095519989
0.5095519989
0.5095519989
0.5095519989
0.5095519989
0.5095519989
0.5095519989
0.5095519989
0.5095519989
0.5095519989
0.5095519989
0.5095519989
0.5095519989
0.5095519989
0.5095519989
0.5095519989
0.5095519989
0.5095519989
0.5095519989
0.5095519989
0.5095519989
0.5095519989
0.5095519989
0.5095519989
0.5095519989
0.5095519989
0.5095519989
0.5095519989
0.5095519989
0.5095519989
0.5095519989
0.5095519989
0.5095519989
0.5095519989
0.5095519989
0.5095519989
0.5095519989
0.5095519989
0.5095519989
0.5095519989
0.5095519989
0.5095519989
0.5095519989
0.5095519989
0.5095519989
0.5095519989
0.5095519989
0.5095519989
0.5095519989
0.5095519989
0.5095519989
0.5095519989
0.5095519989
0.5095519989
0.5095519989
0.50954764
0.5094475462
0.5093915785
0.5092252571
0.5091713812
0.5090199997
0.5088025255
0.5086176637
0.50841165
0.5082077372
0.5080867974
0.5078619145
0.5078380445
0.5076063093
0.5075020287
0.5073293349
0.5069447143
0.5067534185
0.5063359874
0.5062385717
0.5061318558
0.5061318558
0.5057728097
0.5057539469
0.5057539469
0.5057539469
0.5057539469
0.5057539469
0.5057539469
0.5057539469
0.5057539469
0.5057539469
0.5057539469
0.5057539469
0.5057539469
0.5057539469
0.5057539469
0.5057539469
0.5057539469
0.5057539469
0.5057539469
0.5057539469
0.5057539469
0.5057539469
0.5057539469
0.5057539469
0.5057539469
0.5057539469
0.5057539469
0.5057539469
0.5057539469
0.5057539469
0.5057539469
0.5057539469
0.5057539469
0.5057539469
0.5057539469
0.5057539469
0.5057539469
0.5057539469
0.5057539469
0.5057539469
0.5057539469
0.5057539469
0.5057539469
0.5057539469
0.5057539469
0.5057539469
0.5057539469
0.5057539469
0.5057539469
0.5057539469
0.5057539469
0.5057539469
0.5057539469
0.5057539469
0.5057539469
0.5057539469
0.5057539469
0.5057539469
0.5057539469
0.5057539469
0.5057539469
0.5057539469
0.5057539469
0.5057539469
0.5057539469
0.5057539469
0.5057539469
0.5057539469
0.5057539469
0.5057539469
0.5057539469
0.5057539469
0.5057539469
0.5057539469
0.5057539469
0.5057539469
0.5057539469
0.5057539469
0.5057539469
0.5057425518
0.5056109254
0.5049648751
0.5045850235
0.5041944004
0.5040611606
0.504048211
0.5038488662
0.5034222921
0.5033338668
0.5032509357
0.5023365292
0.5022386803
0.50216062
0.5019773564
0.5017931769
0.5015088047
0.5014849945
0.50108368
0.5010534569
0.5006701565
0.5006575578
0.5001961682
0.4997474223
0.4996989163
0.499288686
0.4982179016
0.4979518919
0.4977182543
0.4976925014
0.4974284711
0.4971120545
0.496917847
0.496917847
0.4967709736
0.4962395988
0.4960727159
0.4956856023
0.4956797234
0.4955982357
0.4953177022
0.4952321284
0.4952111106
0.4950678216
0.4950232794
0.4946109819
0.4943949139
0.4942106538
0.4939075765
0.4938859502
0.4938854201
0.4931552568
0.4930703322
0.4929623921
0.4924553598
0.4924324248
0.4924082197
0.4918681483
0.4917348027
0.4906635424
0.4905043525
0.4896903737
0.4896402871
0.4894513079
0.4892413134
0.4886315056
0.4882296909
0.4882296909
0.488130919
0.4880793945
0.4879173244
0.4877196969
0.4870701331
0.4869819465
0.486848994
0.486778868
0.4860016302
0.4859941734
0.4858745824
0.4857567203
0.4854540974
0.4850164973
0.4842088912
0.484093434
0.4840435463
0.4833169852
0.4833146571
0.4829052569
0.4825846532
0.4823535413
0.4822646895
0.4822322791
0.4818885159
0.4815835935
0.4814638353
0.4814543675
0.4808400002
0.4808126954
0.4803036437
0.4800046107
0.4800046107
0.4795253079
0.4794249825
0.4789851381
0.4789029485
0.4786277588
0.4781419567
0.4780878133
0.4780204508
0.4780165412
0.477892619
0.477808924
0.4774742795
0.4771936376
0.4770347263
0.4769000759
0.4768638394
0.4768637804
0.4768000453
0.4766296885
0.4765432851
0.4764841226
0.4763650346
0.4762926211
0.4762738612
0.475852073
0.4755676161
0.4753146093
0.4751730698
0.4750791346
0.4747406579
0.4747110236
0.4746176683
0.4741361765
0.4740902148
0.4734162429
0.4732103277
0.4731293903
0.4731240157
0.4727026721
0.4724710763
0.4724696954
0.4724423685
0.4722744435
0.4722730182
0.4720348233
0.4719250065
0.4717893846
0.4717140401
0.4716959593
0.4714458645
0.4714321926
0.4707646267
0.4698462249
0.4695927451
0.4693793893
0.4691353808
0.4686663517
0.4679101211
0.4678741944
0.4677583616
0.4676590691
0.4674140164
0.4673155393
0.4670163357
0.4669375983
0.4663297124
0.4662103557
0.4660319816
0.4657289816
0.4643332077
0.4640451185
0.4636057476
0.4635621711
0.4634813465
0.4631874474
0.4631254652
0.4629622025
0.462748442
0.4621542071
0.4616297337
0.4614564715
0.4613839377
0.4606454487
0.4604267471
0.4600656642
0.4600271255
0.4595941829
0.4593112482
0.4591467473
0.4576053882
0.4574093169
0.4573260454
0.4571797853
0.4568193544
0.455857312
0.45565118
0.4554129765
0.4550173721
0.4544210796
0.4535704544
0.4534860776
0.4534383512
0.453363257
0.452547708
0.4524681538
0.4520035385
0.4519759069
0.4519305346
0.4519024065
0.4514312182
0.4514169763
0.4511259277
0.4511112343
0.4506814617
0.4505865864
0.4504010247
0.4497758038
0.4496026923
0.4490565559
0.4490467856
0.4488402934
0.4485476819
0.4484141212
0.4482769294
0.4482655588
0.4480579341
0.4479207588
0.4478645597
0.447608955
0.4475496751
0.4475469634
0.4470793548
0.4470029138
0.4469847079
0.4466909119
0.4460135982
0.445986567
0.4456611106
0.4445812372
0.4444123129
0.4443583264
0.444236469
0.44389431
0.4435793811
0.4433025922
0.4430175319
0.4425818903
0.4418312842
0.441655209
0.4413908804
0.4413454021
0.4410941263
0.4401771767
0.4401583407
0.4388313838
0.438397086
0.4382315945
0.4374708062
0.4370989243
0.4370841747
0.4365062838
0.4363168124
0.4356904147
0.4355468255
0.435313706
0.4353047433
0.4350176467
0.4349951857
0.434992461
0.4349045194
0.4347947302
0.4346592099
0.4343019024
0.4338847498
0.4337555231
0.4332631437
0.4323197789
0.4322864533
0.4321456312
0.4318671097
0.4317501859
0.4316123375
0.43108287
0.431081394
0.4306693861
0.4305474183
0.4301899831
0.4286699163
0.428585864
0.4285699942
0.4272875519
0.4272347642
0.427081002
0.4268310464
0.4266667012
0.426527947
0.4259882341
0.4258860355
0.4257187592
0.4248445199
0.4245038514
0.4244789736
0.4239806556
0.4237717934
0.4235843187
0.4231981395
0.4231064746
0.4214387402
0.4211525802
0.4205065601
0.4195060432
0.4186433067
0.4177801846
0.4174110951
0.4160697872
0.4159931301
0.4152508811
0.4150653127
0.4144463877
0.414117261
0.413450914
0.4131248622
0.4121911696
0.4116852633
0.4113432872
0.4109737996
0.4108700761
0.4098472014
0.4098375142
0.4098254695
0.4093807351
0.4092396389
0.4091684592
0.4091189291
0.4088718187
0.4079315415
0.407651213
0.4071060142
0.406090177
0.4059944039
0.4044448896
0.4042368865
0.4040624152
0.4026085272
0.4022278037
0.4015837852
0.4014851919
0.401251868
0.4002062991
0.3978399235
0.3978158965
0.3975256837
0.3973941746
0.3971512262
0.3970034765
0.3969622864
0.3968219026
0.3966731748
0.396174118
0.3949673579
0.3944834824
0.393562421
0.3931130715
0.3927823552
0.3920780079
0.3915312394
0.3912838983
0.390325039
0.3899618109
0.3898744247
0.3879411251
0.3872290866
0.3871510473
0.387105015
0.3863984725
0.3860449905
0.3859848495
0.3856675927
0.3835845185
0.381978959
0.3818036619
0.3818036619
0.3814584965
0.3814523064
0.3803038816
0.3794768543
0.379302452
0.3788929149
0.3783196631
0.3776448454
0.3769149815
0.3764967529
0.3764923467
0.3763722268
0.3760071232
0.3758142928
0.3757311723
0.3755428527
0.3753384334
0.3748124705
0.3746401192
0.3744767517
0.3741954517
0.3740907819
0.3724868353
0.3722003571
0.3719180734
0.3716197149
0.3714940436
0.3714078641
0.3713646024
0.3710880043
0.3704192183
0.3701307608
0.3694718779
0.3692530035
0.3687267748
0.3682482579
0.3677217623
0.3653410284
0.3653253566
0.3652484622
0.3651074627
0.3640899321
0.363749008
0.3626735806
0.3624073658
0.3613081566
0.3610876891
0.3609667918
0.3593629904
0.3590264194
0.3587312344
0.3585044969
0.3571935533
0.3568731195
0.3566462558
0.3559795045
0.3551178677
0.3541089914
0.3532213221
0.3529336557
0.351333274
0.348944103
0.3480344764
0.3479117446
0.3476465053
0.3476465053
0.3474088989
0.3459516078
0.3459516078
0.3455423149
0.3448924953
0.3444597752
0.3428556651
0.342474833
0.3424567139
0.3422734497
0.3415827083
0.3408084854
0.3403029286
0.339499113
0.3393819541
0.3388403766
0.3357015864
0.3349725991
0.3338793002
0.3330010723
0.3326026203
0.3324271579
0.3323582519
0.3321399132
0.3308737975
0.3298924886
0.3283774964
0.3274368681
0.3248117377
0.3220897021
0.319164612
0.3178319758
0.3156419714
0.3146986141
0.3146034928
0.3137655478
0.3136460912
0.3131545887
0.3127509418
0.310985661
0.3100932017
0.3092267474
0.305413683
0.3053936957
0.3039364215
0.3008421967
0.3004321328
0.2988794929
0.2983830849
0.2975781477
0.2952951618
0.2916539391
0.2909221867
0.2895998773
0.287619015
0.2863058012
0.2853388656
0.2829822293
0.282300169
0.2811184954
0.2811016612
0.2810891404
0.2802052876
0.2790637079
0.2766453876
0.2761604892
0.2758025083
0.2744071656
0.2650032516
0.2624243706
0.2610281545
0.2598276469
0.2595181769
0.2585846388
0.2584038123
0.2568264067
0.2562089904
0.2559461124
0.2557383294
0.2556453439
0.2521268449
0.2516411599
0.2514396569
0.2487356856
0.2480828713
0.2477194998
0.2473205718
0.2466289597
0.245490213
0.2452573588
0.24426606
0.2441758729
0.243346815
0.2425234686
0.2413009854
0.2406876859
0.2404724958
0.2397660383
0.2391606694
0.2388496935
0.237861514
0.2322121175
0.2318017631
0.2222381592
0.2181262574
0.2176694435
0.2074989955
0.2017333086
0.2003971551
0.1993121888
0.1878976827
0.1739884998
0.1670877937
0.1635720367
0.1468758288
0.146280592
0.1449348717
0.1386619374
0.1358828727
0.1190859784