0.048721602
0.069078445
0.0727880297
0.0996471049
0.1006096258
0.1108512342
0.1124609193
0.1131351121
0.1157414374
0.1197202407
0.1235604564
0.1235604564
0.1286182458
0.1340690611
0.1359899738
0.1437265167
0.1445000959
0.1490787084
0.1515629039
0.1539892914
0.1565807392
0.1574379914
0.1581280646
0.1632588002
0.1660570543
0.166874973
0.1670247969
0.1691887248
0.1699355557
0.1717036206
0.1725156296
0.175421059
0.17684876
0.1779314879
0.178129192
0.1787211928
0.1789293842
0.1793539512
0.1794348711
0.1798217497
0.1799142918
0.1803592103
0.1810896886
0.1824600351
0.1829641537
0.1842613928
0.1857124623
0.1869985955
0.1870313014
0.1872470395
0.1887054194
0.1887304342
0.1896848743
0.1900383654
0.1904437635
0.1908230252
0.1909717403
0.1917064298
0.1942044372
0.1978735734
0.1979087583
0.1986334737
0.1997864327
0.2025896401
0.2032391985
0.2036153981
0.2040624136
0.2053278004
0.2056506743
0.2064068577
0.2081613148
0.2085308932
0.2099001773
0.2103749302
0.2106982199
0.2116304624
0.2125775742
0.2127410832
0.2128772924
0.2133984396
0.2134249477
0.2140789177
0.2145214861
0.2145402559
0.2147684267
0.2148494596
0.2149308138
0.2151746251
0.2157476865
0.2177889093
0.2185750043
0.2201841045
0.2211150518
0.2213936496
0.2222912386
0.2222992683
0.2224565286
0.2227540027
0.2232766999
0.2241752944
0.2243848108
0.2248367592
0.2248525443
0.2251091937
0.2261566549
0.2266215652
0.2268920424
0.2269047497
0.2274145982
0.2275565294
0.2276439249
0.2277720645
0.228235084
0.2284530839
0.2291644139
0.2294927533
0.2304780298
0.2311362693
0.2319729829
0.2325105563
0.2328592437
0.2330934512
0.2330934512
0.2337640855
0.233828804
0.2340485149
0.2341752448
0.235671454
0.2358881186
0.2360551881
0.2364732432
0.2370831789
0.2384336436
0.2391227203
0.2409612626
0.241149971
0.2414467069
0.2414500797
0.2421648836
0.2427533072
0.243148374
0.2432485609
0.2432908507
0.2433550776
0.2435694203
0.2438430553
0.2443944675
0.2444312739
0.2448392477
0.245074871
0.2450768094
0.2452107393
0.2453980011
0.246006866
0.2467820248
0.2470989263
0.2477514
0.2478327376
0.2481571135
0.2488609491
0.2490384264
0.2491082533
0.2491961687
0.2495547919
0.2500774395
0.2505888977
0.2506783468
0.2509999719
0.2511483544
0.2514057786
0.2516951731
0.2519051919
0.2519892948
0.252096669
0.2533159044
0.2535605994
0.2537294111
0.2551774592
0.255507373
0.255741748
0.2565804014
0.2566453419
0.2568310654
0.2571486226
0.2579656641
0.2585502477
0.2592477274
0.2592925407
0.2598964822
0.2599776137
0.260389563
0.260632262
0.2607543482
0.261446661
0.2618930909
0.2619467859
0.2620038578
0.2623927568
0.2626677964
0.2628466623
0.2629847176
0.2630732407
0.2632731072
0.2641522683
0.2648875448
0.2651759014
0.2654808894
0.2654837926
0.2657724147
0.2659697445
0.2660889864
0.2662636259
0.2669148209
0.2669700425
0.267368809
0.2676377916
0.2682361886
0.2685495945
0.2687181568
0.2689543941
0.2693813233
0.2705666942
0.2709742661
0.2727886178
0.2728588091
0.273266604
0.2735406822
0.2739019593
0.2751641087
0.2756434086
0.2761834427
0.2772335805
0.2773730701
0.2785976712
0.2793292975
0.2795037404
0.2801293614
0.2809344125
0.281513283
0.2817120909
0.2820063037
0.2825600516
0.282716899
0.2828888627
0.2832351831
0.2834184799
0.2838926418
0.2841390351
0.2845978326
0.2850086077
0.2855862676
0.2856664983
0.2860866707
0.2863137002
0.2865186656
0.2867192086
0.2868814227
0.2869970319
0.2871478796
0.2872515851
0.2873001838
0.2877408439
0.2881154754
0.288316848
0.2885601899
0.2886550074
0.2889927053
0.2890316608
0.2897238009
0.2897471459
0.2899292428
0.2901717674
0.2907305685
0.2910103713
0.2910232249
0.2912510714
0.2913040027
0.291599847
0.2916888643
0.2919514896
0.292304911
0.2923349865
0.2930768992
0.2933740822
0.2934970477
0.2935976652
0.2936167025
0.2936439801
0.2936533712
0.2937921363
0.2940874362
0.2942316346
0.2947538338
0.2953980314
0.2959958992
0.2960271887
0.2964717925
0.296518232
0.2970373824
0.2972121383
0.2975088411
0.2978004697
0.2982545431
0.2983640228
0.2987360021
0.2990776644
0.2997737802
0.3004918474
0.3006200026
0.3009218346
0.3010499316
0.3017222429
0.3017222429
0.3020318724
0.3020378316
0.3022991101
0.3027640192
0.3030431132
0.3031845012
0.3035576665
0.3036181018
0.3037100548
0.3038157609
0.3039231988
0.3039979295
0.3044475895
0.3048216087
0.3049762102
0.3050596893
0.3051785091
0.3051827138
0.305701503
0.3057270467
0.3058620633
0.3059060814
0.306002276
0.3060612669
0.3060875409
0.3061665207
0.3067874397
0.3068311868
0.3070686668
0.3073966075
0.3079198557
0.3080378635
0.3081202338
0.308297274
0.3084474305
0.3088316569
0.3090907535
0.3094300924
0.3094334265
0.3098995049
0.3101779023
0.3103101669
0.3103630867
0.3108576582
0.3109376141
0.311162849
0.311162849
0.3111772352
0.3112464086
0.3112995388
0.3113324818
0.3117106598
0.3117107089
0.3117863402
0.3123581252
0.3124187177
0.3125746574
0.312599468
0.3126695675
0.3129526042
0.3130261386
0.3133299489
0.313418677
0.3134984864
0.3135418863
0.3136114701
0.3136671962
0.3138017412
0.3142014886
0.3145357748
0.3146647826
0.314774664
0.3147847208
0.3149467689
0.3150445682
0.315374206
0.3154626158
0.3156978046
0.3159792849
0.3161404143
0.3161652255
0.3163129419
0.3163689942
0.3168849159
0.3169650414
0.3169650414
0.3173069729
0.3173491128
0.3173969022
0.3176134172
0.3177483943
0.3179723455
0.3179897419
0.3180160782
0.318221659
0.3183621492
0.3184594208
0.3189429738
0.3194458951
0.3195315415
0.3195395181
0.3198296668
0.3198978548
0.3198995776
0.3199625295
0.3200497792
0.3200622007
0.3202896082
0.3204716078
0.3204791664
0.3205954472
0.3207159232
0.3208693277
0.321005317
0.3211276481
0.322101379
0.3222780006
0.3226174274
0.3227174693
0.3228207829
0.3229408925
0.3229503907
0.3230921975
0.3231660247
0.3236723834
0.323925611
0.323925611
0.3239365361
0.3239854101
0.3247295136
0.3251913102
0.3252891407
0.3253295465
0.3253737161
0.3255976101
0.3256262287
0.3257010873
0.325796997
0.326174885
0.326285021
0.326285021
0.3265867975
0.3266369329
0.326994451
0.3270255196
0.3272091649
0.3272506597
0.3274721143
0.3276512421
0.3282327784
0.328692205
0.3291883149
0.3294855863
0.3295669542
0.3296408176
0.3298064819
0.3300356694
0.3301069971
0.3301069971
0.3303029071
0.3309563806
0.3309921102
0.3311248069
0.3313561126
0.3318358391
0.3320120867
0.3322358044
0.3328505248
0.3333106993
0.3339601574
0.3339829147
0.3345752829
0.3346610011
0.3349221045
0.3351097069
0.3352543091
0.3354641089
0.3354749286
0.3355704063
0.3357779341
0.3359161104
0.3359764282
0.336278489
0.3363913642
0.3364477085
0.3367929082
0.3368253726
0.3369268599
0.3370652842
0.3374286082
0.337535659
0.3376402943
0.3376604139
0.3383027314
0.3384310774
0.3387112442
0.3391466835
0.3395893022
0.3396535845
0.3397320074
0.3397606256
0.3397996141
0.3402386593
0.3403935827
0.3406586352
0.3406761293
0.3409308428
0.3410451287
0.3411789474
0.3411789474
0.3411789474
0.3411789474
0.3411789474
0.3415339045
0.3417126876
0.3418525694
0.3420236134
0.3423905547
0.342888165
0.3430593804
0.343361672
0.3436106292
0.3437079778
0.3437165866
0.3448274682
0.3450520506
0.3451718214
0.3458521605
0.3466016215
0.3469060088
0.3469738696
0.3471584016
0.347646189
0.3476689897
0.3484704357
0.3485364084
0.348565295
0.3487342134
0.3487380162
0.3492168524
0.3494702215
0.3496112116
0.3501775513
0.3503871154
0.3506538382
0.3507777847
0.350948398
0.3509985042
0.3510075141
0.3514309236
0.3516814815
0.3522051571
0.35228524
0.3522945135
0.3523409764
0.3524758355
0.3525908432
0.3526241539
0.3532010643
0.3534089676
0.3534763573
0.3536279638
0.3537095878
0.3537760792
0.3538772397
0.3540419997
0.3540635398
0.3541518895
0.3549840085
0.3552401012
0.3552912239
0.3553729379
0.3557725373
0.355845249
0.3562448808
0.3563675744
0.3567761717
0.3582593609
0.358764407
0.3587718325
0.3590030027
0.3590974885
0.359643474
0.3597010283
0.360083159
0.3603736094
0.3603944701
0.3606507738
0.3607211304
0.3610485505
0.361070191
0.3612751392
0.3615427902
0.3616320174
0.3620495817
0.3625764834
0.3627087568
0.3634643261
0.363829293
0.3640458634
0.3642524996
0.3644478552
0.3647142718
0.3647782646
0.3648107044
0.3649924337
0.3650656173
0.3653720126
0.3658451723
0.3660594081
0.3662400699
0.3662503088
0.3665008333
0.3665243336
0.3666432342
0.3667261516
0.3670032266
0.3671096312
0.3675166596
0.3675166596
0.3675166596
0.3676185818
0.3676880772
0.3680156668
0.3680315584
0.3683250803
0.3688359493
0.368949885
0.3689683221
0.369895602
0.3704050612
0.3706408378
0.3706717317
0.3707782584
0.3708347929
0.3712687933
0.3713051881
0.3714783668
0.3715210772
0.3717364338
0.3717667704
0.3717881849
0.3722026086
0.3723778749
0.3724619974
0.3727933585
0.3729730476
0.3732074724
0.3732825573
0.3735837137
0.373853155
0.3739926382
0.3744061738
0.3746138048
0.374693682
0.3748792202
0.3750409738
0.3750802031
0.3750802031
0.3753328547
0.37543502
0.3755149859
0.3757086535
0.3760197525
0.3761717162
0.3761835688
0.3762403262
0.3763054351
0.3763348404
0.3766585361
0.3769574181
0.3773014063
0.3779916156
0.3784398371
0.3784653839
0.3786390565
0.3791172973
0.3792730594
0.3796200148
0.3798427956
0.3800756959
0.3803577559
0.3803952702
0.3807804056
0.3810136967
0.3813530667
0.3813538921
0.3818039215
0.381872962
0.3819639584
0.3821125761
0.3823878234
0.3825695427
0.3827106187
0.3827406595
0.3834240688
0.383516631
0.3835577817
0.3836452455
0.3838424222
0.3840148894
0.3841735076
0.3842750789
0.3845903939
0.3848108577
0.3850332155
0.3855511622
0.3856436786
0.3857735594
0.38594435
0.3860870562
0.3862493472
0.3863511311
0.3863796526
0.3867009216
0.38685291
0.3871778277
0.3872803347
0.3873079105
0.3874195167
0.3875332785
0.387750429
0.3877731983
0.3878572093
0.388072447
0.3886586596
0.3888803745
0.3895571934
0.389721968
0.3897688296
0.3897986937
0.3899624697
0.3903161178
0.390658836
0.3906759277
0.3914349276
0.391592245
0.3919425069
0.3922110771
0.3922310306
0.3924884787
0.3927299496
0.3930004415
0.3931995533
0.3934899924
0.3937442705
0.394254449
0.3942763925
0.3951141251
0.3952377308
0.3952679481
0.3953889291
0.395477278
0.395532745
0.3955428028
0.3957072164
0.3958439032
0.3959782284
0.3962025034
0.3962796902
0.3965272757
0.3968022381
0.3969011666
0.3969091998
0.3970628718
0.3970651265
0.3973430594
0.3974676187
0.3974773939
0.3980402948
0.3980586699
0.3988914846
0.3993906733
0.3994007764
0.399611069
0.3999320864
0.4000266867
0.400242078
0.4004193601
0.4004270492
0.4006950986
0.400710361
0.4007410823
0.4010404112
0.4011513967
0.4012902877
0.4015117513
0.4016302019
0.401705491
0.401709944
0.4017150575
0.4021956055
0.402405306
0.4027123982
0.4029378148
0.4033749383
0.4034255053
0.4040290103
0.4043172584
0.4043225734
0.4043956873
0.404485036
0.4046513858
0.4046850236
0.4047769276
0.4050857372
0.4055062905
0.405807523
0.4058082986
0.4061423519
0.4063881224
0.4064582802
0.407099027
0.4074691924
0.407516954
0.4079180339
0.4081195723
0.4082153984
0.4083458152
0.4086831211
0.4087795393
0.4088053524
0.4088995501
0.4089658231
0.4093168237
0.4097103086
0.409723184
0.4098633913
0.4098705507
0.4100149309
0.4102848673
0.4103678819
0.4104719628
0.4106013156
0.4106897175
0.410813421
0.4108576732
0.4108832161
0.4111512721
0.411456657
0.4116343274
0.4119529962
0.41200773
0.4122105157
0.412379421
0.4126419486
0.412671008
0.4126722516
0.4128792846
0.4129032452
0.4130466977
0.4130542076
0.4134119608
0.4135600475
0.413733267
0.413739813
0.4137428519
0.4140337995
0.4142922362
0.4148862864
0.415415669
0.4157769659
0.4163768546
0.4164817435
0.4165701977
0.4167486245
0.4169826141
0.4173740124
0.4174847206
0.4177087372
0.4180501937
0.4180549227
0.4182407466
0.4188029412
0.419160854
0.4199695171
0.4199815598
0.4200538476
0.4206787644
0.4207010839
0.4207559255
0.4208972899
0.4210661874
0.4210937604
0.4211129547
0.4211846898
0.4212293566
0.4212759442
0.4213498823
0.4215620669
0.4216523338
0.4219280812
0.4227016008
0.4230971731
0.4232633108
0.4232639708
0.4235689727
0.4236629625
0.4239342426
0.4242613092
0.4246075175
0.4246423834
0.4247663942
0.4247663942
0.4247855345
0.4249744134
0.4250929762
0.425767734
0.4259283192
0.4259734636
0.4259914006
0.4260005849
0.4260976947
0.4263516505
0.4265428136
0.4266730953
0.4268201445
0.4269160473
0.42709825
0.4271698578
0.427300397
0.4275554591
0.4276169599
0.4276347836
0.4276495757
0.4277500069
0.4277737052
0.4283485994
0.4292145567
0.4293597213
0.4295757224
0.429683814
0.4297880179
0.4297985529
0.4298963132
0.4298963132
0.4301004994
0.4301657801
0.4302563456
0.4303255643
0.4305180442
0.4306590522
0.4307118044
0.4310358746
0.4311035777
0.4313321871
0.4317788416
0.432214568
0.4322820106
0.4323009237
0.4323454369
0.4325670563
0.432575318
0.4329902642
0.4332266643
0.4333049787
0.433833159
0.4341163304
0.434195088
0.4343235791
0.4345335782
0.4346164159
0.4347054898
0.434943856
0.4350638755
0.4350712599
0.4351161408
0.4352814311
0.435306914
0.4353680989
0.4354074994
0.4354343946
0.4355209761
0.435718249
0.436286995
0.4364613571
0.4364865125
0.4365231394
0.4367582112
0.4368560232
0.4369153889
0.4371246406
0.4373901785
0.4377702305
0.4378194681
0.4387000552
0.4387593035
0.4387757502
0.438851761
0.4388779483
0.4389192674
0.4392979399
0.4393065988
0.4396171788
0.4396688648
0.4397186335
0.4397565087
0.4399088616
0.440086416
0.4401409039
0.440154575
0.4402363294
0.4402618969
0.4403902116
0.4404419236
0.4404795581
0.4404898812
0.4406969061
0.4410105054
0.4414833772
0.4414861126
0.4415718132
0.4418624049
0.4418858267
0.4420730951
0.4425230093
0.4429697505
0.4431944918
0.4432193416
0.4434051053
0.4434051053
0.4435018905
0.443904735
0.4439433815
0.4444322998
0.4444605282
0.4445205743
0.4446205673
0.4447827463
0.4448247653
0.4449253699
0.4449286229
0.4450308027
0.4452172023
0.445691694
0.4457912698
0.4460407398
0.4461777342
0.4462787563
0.4465698766
0.4471915868
0.4472148557
0.4472464964
0.4476601177
0.4477098063
0.4485874709
0.4488773453
0.4493204351
0.4494404244
0.4495164733
0.4497600821
0.4498921946
0.4501345552
0.4501534809
0.4501778531
0.4504037434
0.4504366304
0.4507362536
0.4507662387
0.4510989552
0.4517598172
0.4518570533
0.4519076111
0.4521468203
0.4521499413
0.4521632773
0.4523021392
0.4524625415
0.4525567942
0.4527408309
0.4530555381
0.4533695916
0.4534233369
0.4540203962
0.454182866
0.4542740715
0.454463667
0.4545332988
0.4547462943
0.4548649721
0.4552449118
0.4558356132
0.4560213419
0.4564585796
0.4566224099
0.4567191839
0.4570178813
0.4572988444
0.457848178
0.4579738909
0.4583088653
0.4583589561
0.4590761056
0.4598027439
0.4600701816
0.4601359719
0.4601592708
0.4603068859
0.4608370875
0.4610555309
0.4611777903
0.4612088539
0.4612595624
0.4613399313
0.461353701
0.4614181855
0.4615580853
0.4616674843
0.4617251321
0.4617635455
0.4620500997
0.462082013
0.4620952601
0.4621639572
0.46221791
0.462246112
0.4622883155
0.4630622574
0.4630788627
0.4635107156
0.4636889282
0.4636905495
0.4640470612
0.4642896599
0.4649576572
0.4650165478
0.4651998555
0.466056514
0.4662137905
0.4664337001
0.4665255158
0.4665342128
0.4666092548
0.466611506
0.4666579148
0.466968394
0.4671045122
0.4673500178
0.467532466
0.4675324899
0.4676658374
0.4684825244
0.4685270131
0.4685813474
0.4688414126
0.4688977953
0.4692668623
0.4692750116
0.4695276357
0.4697321912
0.4699858437
0.4700727114
0.4700878028
0.470336995
0.4708982653
0.4709450989
0.4711320936
0.4716023015
0.4718168149
0.471834147
0.4721383863
0.4721465605
0.4723249401
0.4725167971
0.4727510691
0.4731828619
0.4732077005
0.4732285473
0.4733127786
0.4733568204
0.4734159467
0.4735044569
0.4739216695
0.47401482
0.4741305216
0.4745146042
0.4745959527
0.4747637112
0.475123354
0.4751342889
0.4754103805
0.4758726721
0.4760118235
0.4763664887
0.4765391318
0.4765391318
0.4767326525
0.4768201036
0.4770926675
0.477177078
0.4773415361
0.4774678581
0.477774365
0.4778651648
0.4779386598
0.4780632483
0.4786306085
0.4789309668
0.4790798494
0.4793633065
0.4794511765
0.4794993384
0.4796671052
0.4800455192
0.4805053575
0.4807469324
0.4808340453
0.4809616002
0.4813799127
0.4814465017
0.4816886863
0.4818390471
0.4819977499
0.4819977499
0.4824883896
0.4829191412
0.4834414218
0.4838953326
0.4840650194
0.4840882912
0.484163998
0.4852744348
0.4852792829
0.4853618804
0.4854349294
0.4855466224
0.485660721
0.4857139917
0.4863950048
0.4864864743
0.4869809622
0.4873544676
0.4874195899
0.487577034
0.4875825647
0.4876025318
0.4876847271
0.4877888232
0.487809289
0.488061018
0.4882023538
0.4882830798
0.4888752988
0.4889108528
0.4890963566
0.4891488593
0.489314698
0.4895045345
0.4904480011
0.4904480011
0.4904480011
0.4904480011
0.4904480011
0.4904480011
0.4904480011
0.4904480011
0.4904480011
0.4904480011
0.4904480011
0.4904480011
0.4904480011
0.4904480011
0.4904480011
0.4904480011
0.4904480011
0.4904480011
0.4904480011
0.4904480011
0.4904480011
0.4904480011
0.4904480011
0.4904480011
0.4904480011
0.4904480011
0.4904480011
0.4904480011
0.4904480011
0.4904480011
0.4904480011
0.4904480011
0.4904480011
0.4904480011
0.4904480011
0.4904480011
0.4904480011
0.4904480011
0.4904480011
0.4904480011
0.4904480011
0.4904480011
0.4904480011
0.4904480011
0.4904480011
0.4904480011
0.4904480011
0.4904480011
0.4904480011
0.4904480011
0.4904480011
0.4904480011
0.4904480011
0.4904480011
0.4904480011
0.49045236
0.4905524538
0.4906084215
0.4907747429
0.4908286188
0.4909800003
0.4911974745
0.4913823363
0.49158835
0.4917922628
0.4919132026
0.4921380855
0.4921619555
0.4923936907
0.4924979713
0.4926706651
0.4930552857
0.4932465815
0.4936640126
0.4937614283
0.4938681442
0.4938681442
0.4942271903
0.4942460531
0.4942460531
0.4942460531
0.4942460531
0.4942460531
0.4942460531
0.4942460531
0.4942460531
0.4942460531
0.4942460531
0.4942460531
0.4942460531
0.4942460531
0.4942460531
0.4942460531
0.4942460531
0.4942460531
0.4942460531
0.4942460531
0.4942460531
0.4942460531
0.4942460531
0.4942460531
0.4942460531
0.4942460531
0.4942460531
0.4942460531
0.4942460531
0.4942460531
0.4942460531
0.4942460531
0.4942460531
0.4942460531
0.4942460531
0.4942460531
0.4942460531
0.4942460531
0.4942460531
0.4942460531
0.4942460531
0.4942460531
0.4942460531
0.4942460531
0.4942460531
0.4942460531
0.4942460531
0.4942460531
0.4942460531
0.4942460531
0.4942460531
0.4942460531
0.4942460531
0.4942460531
0.4942460531
0.4942460531
0.4942460531
0.4942460531
0.4942460531
0.4942460531
0.4942460531
0.4942460531
0.4942460531
0.4942460531
0.4942460531
0.4942460531
0.4942460531
0.4942460531
0.4942460531
0.4942460531
0.4942460531
0.4942460531
0.4942460531
0.4942460531
0.4942460531
0.4942460531
0.4942460531
0.4942460531
0.4942460531
0.4942574482
0.4943890746
0.4950351249
0.4954149765
0.4958055996
0.4959388394
0.495951789
0.4961511338
0.4965777079
0.4966661332
0.4967490643
0.4976634708
0.4977613197
0.49783938
0.4980226436
0.4982068231
0.4984911953
0.4985150055
0.49891632
0.4989465431
0.4993298435
0.4993424422
0.4998038318
0.5002525777
0.5003010837
0.500711314
0.5017820984
0.5020481081
0.5022817457
0.5023074986
0.5025715289
0.5028879455
0.503082153
0.503082153
0.5032290264
0.5037604012
0.5039272841
0.5043143977
0.5043202766
0.5044017643
0.5046822978
0.5047678716
0.5047888894
0.5049321784
0.5049767206
0.5053890181
0.5056050861
0.5057893462
0.5060924235
0.5061140498
0.5061145799
0.5068447432
0.5069296678
0.5070376079
0.5075446402
0.5075675752
0.5075917803
0.5081318517
0.5082651973
0.5093364576
0.5094956475
0.5103096263
0.5103597129
0.5105486921
0.5107586866
0.5113684944
0.5117703091
0.5117703091
0.511869081
0.5119206055
0.5120826756
0.5122803031
0.5129298669
0.5130180535
0.513151006
0.513221132
0.5139983698
0.5140058266
0.5141254176
0.5142432797
0.5145459026
0.5149835027
0.5157911088
0.515906566
0.5159564537
0.5166830148
0.5166853429
0.5170947431
0.5174153468
0.5176464587
0.5177353105
0.5177677209
0.5181114841
0.5184164065
0.5185361647
0.5185456325
0.5191599998
0.5191873046
0.5196963563
0.5199953893
0.5199953893
0.5204746921
0.5205750175
0.5210148619
0.5210970515
0.5213722412
0.5218580433
0.5219121867
0.5219795492
0.5219834588
0.522107381
0.522191076
0.5225257205
0.5228063624
0.5229652737
0.5230999241
0.5231361606
0.5231362196
0.5231999547
0.5233703115
0.5234567149
0.5235158774
0.5236349654
0.5237073789
0.5237261388
0.524147927
0.5244323839
0.5246853907
0.5248269302
0.5249208654
0.5252593421
0.5252889764
0.5253823317
0.5258638235
0.5259097852
0.5265837571
0.5267896723
0.5268706097
0.5268759843
0.5272973279
0.5275289237
0.5275303046
0.5275576315
0.5277255565
0.5277269818
0.5279651767
0.5280749935
0.5282106154
0.5282859599
0.5283040407
0.5285541355
0.5285678074
0.5292353733
0.5301537751
0.5304072549
0.5306206107
0.5308646192
0.5313336483
0.5320898789
0.5321258056
0.5322416384
0.5323409309
0.5325859836
0.5326844607
0.5329836643
0.5330624017
0.5336702876
0.5337896443
0.5339680184
0.5342710184
0.5356667923
0.5359548815
0.5363942524
0.5364378289
0.5365186535
0.5368125526
0.5368745348
0.5370377975
0.537251558
0.5378457929
0.5383702663
0.5385435285
0.5386160623
0.5393545513
0.5395732529
0.5399343358
0.5399728745
0.5404058171
0.5406887518
0.5408532527
0.5423946118
0.5425906831
0.5426739546
0.5428202147
0.5431806456
0.544142688
0.54434882
0.5445870235
0.5449826279
0.5455789204
0.5464295456
0.5465139224
0.5465616488
0.546636743
0.547452292
0.5475318462
0.5479964615
0.5480240931
0.5480694654
0.5480975935
0.5485687818
0.5485830237
0.5488740723
0.5488887657
0.5493185383
0.5494134136
0.5495989753
0.5502241962
0.5503973077
0.5509434441
0.5509532144
0.5511597066
0.5514523181
0.5515858788
0.5517230706
0.5517344412
0.5519420659
0.5520792412
0.5521354403
0.552391045
0.5524503249
0.5524530366
0.5529206452
0.5529970862
0.5530152921
0.5533090881
0.5539864018
0.554013433
0.5543388894
0.5554187628
0.5555876871
0.5556416736
0.555763531
0.55610569
0.5564206189
0.5566974078
0.5569824681
0.5574181097
0.5581687158
0.558344791
0.5586091196
0.5586545979
0.5589058737
0.5598228233
0.5598416593
0.5611686162
0.561602914
0.5617684055
0.5625291938
0.5629010757
0.5629158253
0.5634937162
0.5636831876
0.5643095853
0.5644531745
0.564686294
0.5646952567
0.5649823533
0.5650048143
0.565007539
0.5650954806
0.5652052698
0.5653407901
0.5656980976
0.5661152502
0.5662444769
0.5667368563
0.5676802211
0.5677135467
0.5678543688
0.5681328903
0.5682498141
0.5683876625
0.56891713
0.568918606
0.5693306139
0.5694525817
0.5698100169
0.5713300837
0.571414136
0.5714300058
0.5727124481
0.5727652358
0.572918998
0.5731689536
0.5733332988
0.573472053
0.5740117659
0.5741139645
0.5742812408
0.5751554801
0.5754961486
0.5755210264
0.5760193444
0.5762282066
0.5764156813
0.5768018605
0.5768935254
0.5785612598
0.5788474198
0.5794934399
0.5804939568
0.5813566933
0.5822198154
0.5825889049
0.5839302128
0.5840068699
0.5847491189
0.5849346873
0.5855536123
0.585882739
0.586549086
0.5868751378
0.5878088304
0.5883147367
0.5886567128
0.5890262004
0.5891299239
0.5901527986
0.5901624858
0.5901745305
0.5906192649
0.5907603611
0.5908315408
0.5908810709
0.5911281813
0.5920684585
0.592348787
0.5928939858
0.593909823
0.5940055961
0.5955551104
0.5957631135
0.5959375848
0.5973914728
0.5977721963
0.5984162148
0.5985148081
0.598748132
0.5997937009
0.6021600765
0.6021841035
0.6024743163
0.6026058254
0.6028487738
0.6029965235
0.6030377136
0.6031780974
0.6033268252
0.603825882
0.6050326421
0.6055165176
0.606437579
0.6068869285
0.6072176448
0.6079219921
0.6084687606
0.6087161017
0.609674961
0.6100381891
0.6101255753
0.6120588749
0.6127709134
0.6128489527
0.612894985
0.6136015275
0.6139550095
0.6140151505
0.6143324073
0.6164154815
0.618021041
0.6181963381
0.6181963381
0.6185415035
0.6185476936
0.6196961184
0.6205231457
0.620697548
0.6211070851
0.6216803369
0.6223551546
0.6230850185
0.6235032471
0.6235076533
0.6236277732
0.6239928768
0.6241857072
0.6242688277
0.6244571473
0.6246615666
0.6251875295
0.6253598808
0.6255232483
0.6258045483
0.6259092181
0.6275131647
0.6277996429
0.6280819266
0.6283802851
0.6285059564
0.6285921359
0.6286353976
0.6289119957
0.6295807817
0.6298692392
0.6305281221
0.6307469965
0.6312732252
0.6317517421
0.6322782377
0.6346589716
0.6346746434
0.6347515378
0.6348925373
0.6359100679
0.636250992
0.6373264194
0.6375926342
0.6386918434
0.6389123109
0.6390332082
0.6406370096
0.6409735806
0.6412687656
0.6414955031
0.6428064467
0.6431268805
0.6433537442
0.6440204955
0.6448821323
0.6458910086
0.6467786779
0.6470663443
0.648666726
0.651055897
0.6519655236
0.6520882554
0.6523534947
0.6523534947
0.6525911011
0.6540483922
0.6540483922
0.6544576851
0.6551075047
0.6555402248
0.6571443349
0.657525167
0.6575432861
0.6577265503
0.6584172917
0.6591915146
0.6596970714
0.660500887
0.6606180459
0.6611596234
0.6642984136
0.6650274009
0.6661206998
0.6669989277
0.6673973797
0.6675728421
0.6676417481
0.6678600868
0.6691262025
0.6701075114
0.6716225036
0.6725631319
0.6751882623
0.6779102979
0.680835388
0.6821680242
0.6843580286
0.6853013859
0.6853965072
0.6862344522
0.6863539088
0.6868454113
0.6872490582
0.689014339
0.6899067983
0.6907732526
0.694586317
0.6946063043
0.6960635785
0.6991578033
0.6995678672
0.7011205071
0.7016169151
0.7024218523
0.7047048382
0.7083460609
0.7090778133
0.7104001227
0.712380985
0.7136941988
0.7146611344
0.7170177707
0.717699831
0.7188815046
0.7188983388
0.7189108596
0.7197947124
0.7209362921
0.7233546124
0.7238395108
0.7241974917
0.7255928344
0.7349967484
0.7375756294
0.7389718455
0.7401723531
0.7404818231
0.7414153612
0.7415961877
0.7431735933
0.7437910096
0.7440538876
0.7442616706
0.7443546561
0.7478731551
0.7483588401
0.7485603431
0.7512643144
0.7519171287
0.7522805002
0.7526794282
0.7533710403
0.754509787
0.7547426412
0.75573394
0.7558241271
0.756653185
0.7574765314
0.7586990146
0.7593123141
0.7595275042
0.7602339617
0.7608393306
0.7611503065
0.762138486
0.7677878825
0.7681982369
0.7777618408
0.7818737426
0.7823305565
0.7925010045
0.7982666914
0.7996028449
0.8006878112
0.8121023173
0.8260115002
0.8329122063
0.8364279633
0.8531241712
0.853719408
0.8550651283
0.8613380626
0.8641171273
0.8809140216
